740
725.3
728.96
717
731.23
735.4
728.32
724.89
733.76
731.25
728.11
722.16
721.11
710.81
716.92
712.95
708.49
712.78
702
651.79
642.61
650.28
666.1
662.2
661.74
651.16
652.3
646.67
626.91
611.29
608.42
594.97
594.89
611.97
625.8
622.36
622.69
635.44
629.25
642.9
635.98
635.14
623.24
625.77
621.35
612.72
614.66
600.7
606.25
614.34
597.79
618.25
630.38
637.61
628.62
582.06
589.61
612.48
646.83
660.9
656.13
660.87
657.12
656.45
659.56
660.78
633.73
635.3
642.68
643.78
629.25
631.21
625.61
632.59
631.93
628
627.26
623.56
644.28
662.1
662.3
663.02
672.93
579.85
560.22
561.1
546.55
530.13
520.68
516.83
525.02
522.86
523.4
521.84
520.51
521.52
531.69
535.23
537.84
540.48
538.19
536.69
536.73
529.26
528.15
527.2
532.33
534.61
536.69
526.69
526.83
533.33
536.7
540.31
539.18
533.99
532.11
539.78
539.79
532.32
540.11
542.51
539.27
537.36
532.3
533.85
538.4
529.62
529.04
535.7
538.22
530.7
524.22
530.8
540.78
537.9
537.34
549.08
553.68
555.37
565.06
547
539.36
533.97
535.38
524.05
533.8
532.53
530.39
539.17
540.01
540.78
541.61
537.02
536.76
535.53
542.56
548
552.03
548.34
555.17
558.78
570.19
558.81
560.36
557.99
559.5
550.84
554.51
547.32
555.51
551.18
555.01
568.85
567.68
575.33
573.37
573.64
571.34
558.4
555.48
543.87
536.09
531.91
538.95
542.87
539.7
542.84
549.01
542.93
535.97
536.94
527.83
531
527.58
522.76
529.24
528.48
534.52
510.66
510
518.63
535.21
539.95
534.39
518.04
506.9
508.08
501.79
500.87
496.18
492.55
496.17
502.68
501.1
501.96
513.87
524.81
526.4
530.42
530.33
534.03
528.77
530.59
524.87
516.35
511.1
504.89
495.39
513.8
518.66
528.34
526.06
533.37
526.98
525.26
537.31
531.32
533.75
533.8
541.83
540.37
541.08
539.27
537.5
